0.007410342210909169 7.474228793845782E-5 1.606144519954501E-4 0.0031345507407927586 
1.0734306845428348E-4 6.797239835253105E-4 1.606144519954501E-4 0.0031345507407927586 
3.565176202380601E-5 0.0020994202029486924 1.606144519954501E-4 0.0031345507407927586 
4.7157867079825235E-6 0.902959448926003 1.606144519954501E-4 0.0031345507407927586 
4.7157867079825235E-6 7.474228793845782E-5 0.0013077211952040536 0.0031345507407927586 
4.7157867079825235E-6 7.474228793845782E-5 0.0013077211952040536 0.0031345507407927586 
3.565176202380601E-5 7.474228793845782E-5 1.606144519954501E-4 0.015479970657204517 
4.7157867079825235E-6 0.45475257080552706 1.606144519954501E-4 0.015479970657204517 
4.7157867079825235E-6 7.474228793845782E-5 1.606144519954501E-4 0.2710520045522549 
2.416944575603127 7.474228793845782E-5 1.606144519954501E-4 0.0031345507407927586 
1.0335874391367579 0.017666977441662016 1.606144519954501E-4 0.0031345507407927586 
1.0335874391367579 0.017666977441662016 1.606144519954501E-4 0.0031345507407927586 
3.565176202380601E-5 8.61758823597973 1.606144519954501E-4 0.0031345507407927586 
3.565176202380601E-5 8.61758823597973 1.606144519954501E-4 0.0031345507407927586 
4.7157867079825235E-6 6.797239835253105E-4 0.0013077211952040536 0.0031345507407927586 
4.7157867079825235E-6 6.797239835253105E-4 0.0013077211952040536 0.0031345507407927586 
4.7157867079825235E-6 6.797239835253105E-4 0.0013077211952040536 0.0031345507407927586 
4.7157867079825235E-6 7.474228793845782E-5 0.005910961681048927 0.0031345507407927586 
1.0734306845428348E-4 7.474228793845782E-5 1.606144519954501E-4 0.015479970657204517 
1.0734306845428348E-4 7.474228793845782E-5 1.606144519954501E-4 0.015479970657204517 
1.0734306845428348E-4 7.474228793845782E-5 1.606144519954501E-4 0.015479970657204517 
3.565176202380601E-5 4.2075603098249745 1.606144519954501E-4 0.015479970657204517 
3.565176202380601E-5 7.474228793845782E-5 1.606144519954501E-4 0.2710520045522549 
3.565176202380601E-5 7.474228793845782E-5 1.606144519954501E-4 0.2710520045522549 
4.7157867079825235E-6 1.2939670649261537 1.606144519954501E-4 0.6765838040542158 
4.7157867079825235E-6 0.45475257080552706 1.606144519954501E-4 0.8965999563918899 
4.7157867079825235E-6 0.45475257080552706 1.606144519954501E-4 0.8965999563918899 
4.7157867079825235E-6 0.45475257080552706 1.606144519954501E-4 0.8965999563918899 
4.7157867079825235E-6 0.017666977441662016 1.606144519954501E-4 3.5414321383614666 
4.7157867079825235E-6 0.012780236237082805 1.606144519954501E-4 24.332487630582573 
17.351637054310896 7.474228793845782E-5 1.606144519954501E-4 0.0031345507407927586 
5.515255034093903 0.0020994202029486924 1.606144519954501E-4 0.0031345507407927586 
3.96493887884063 0.7423352675413113 1.606144519954501E-4 0.0031345507407927586 
1.0335874391367579 12.248004777216725 1.606144519954501E-4 0.0031345507407927586 
0.003925585541773602 6.797239835253105E-4 0.0013077211952040536 0.0031345507407927586 
4.7157867079825235E-6 0.0020994202029486924 0.0013077211952040536 0.0031345507407927586 
4.7157867079825235E-6 0.0020994202029486924 0.0013077211952040536 0.0031345507407927586 
4.7157867079825235E-6 0.0020994202029486924 0.0013077211952040536 0.0031345507407927586 
0.007410342210909169 7.474228793845782E-5 0.005910961681048927 0.0031345507407927586 
0.007410342210909169 7.474228793845782E-5 0.005910961681048927 0.0031345507407927586 
0.007410342210909169 7.474228793845782E-5 0.005910961681048927 0.0031345507407927586 
4.7157867079825235E-6 7.474228793845782E-5 1.4125346429504833 0.0031345507407927586 
0.003925585541773602 7.474228793845782E-5 1.606144519954501E-4 0.015479970657204517 
1.0734306845428348E-4 6.797239835253105E-4 1.606144519954501E-4 0.015479970657204517 
1.0734306845428348E-4 7.474228793845782E-5 0.20639788224614927 0.2710520045522549 
1.0734306845428348E-4 7.474228793845782E-5 0.20639788224614927 0.2710520045522549 
3.565176202380601E-5 0.00864775446776459 1.606144519954501E-4 0.3685600216828136 
1.0734306845428348E-4 7.474228793845782E-5 1.606144519954501E-4 0.8965999563918899 
1.0734306845428348E-4 7.474228793845782E-5 1.606144519954501E-4 0.8965999563918899 
1.0734306845428348E-4 7.474228793845782E-5 1.606144519954501E-4 0.8965999563918899 
5.786184201470278 0.017666977441662016 1.606144519954501E-4 0.0031345507407927586 
5.786184201470278 0.017666977441662016 1.606144519954501E-4 0.0031345507407927586 
0.007410342210909169 6.797239835253105E-4 0.0013077211952040536 0.0031345507407927586 
0.007410342210909169 6.797239835253105E-4 0.0013077211952040536 0.0031345507407927586 
4.7157867079825235E-6 0.012780236237082805 0.0013077211952040536 0.0031345507407927586 
4.7157867079825235E-6 0.012780236237082805 0.0013077211952040536 0.0031345507407927586 
1.0734306845428348E-4 0.0020994202029486924 0.018084947609453447 0.0031345507407927586 
1.0734306845428348E-4 0.0020994202029486924 0.018084947609453447 0.0031345507407927586 
1.0734306845428348E-4 0.0020994202029486924 0.018084947609453447 0.0031345507407927586 
4.7157867079825235E-6 0.00864775446776459 0.2067235936801375 0.0031345507407927586 
1.0734306845428348E-4 7.474228793845782E-5 2.012888091992929 0.0031345507407927586 
4.7157867079825235E-6 0.0020994202029486924 4.469706822278065 0.0031345507407927586 
4.7157867079825235E-6 6.797239835253105E-4 7.612450006794112 0.0031345507407927586 
1.0734306845428348E-4 0.45475257080552706 1.606144519954501E-4 0.015479970657204517 
1.0734306845428348E-4 0.45475257080552706 1.606144519954501E-4 0.015479970657204517 
1.0734306845428348E-4 0.45475257080552706 1.606144519954501E-4 0.015479970657204517 
1.0734306845428348E-4 0.45475257080552706 1.606144519954501E-4 0.015479970657204517 
4.7157867079825235E-6 0.0020994202029486924 0.0013077211952040536 0.015479970657204517 
0.007410342210909169 7.474228793845782E-5 0.015408729704893138 0.04590634305538178 
1.0734306845428348E-4 6.797239835253105E-4 1.606144519954501E-4 0.08062914433790437 
2.416944575603127 7.474228793845782E-5 1.606144519954501E-4 0.23572297747544385 
0.007410342210909169 7.474228793845782E-5 0.005910961681048927 0.2710520045522549 
0.007410342210909169 7.474228793845782E-5 0.005910961681048927 0.2710520045522549 
4.7157867079825235E-6 7.474228793845782E-5 5.939900125511858 0.2710520045522549 
4.7157867079825235E-6 7.474228793845782E-5 5.939900125511858 0.2710520045522549 
0.003925585541773602 7.474228793845782E-5 1.606144519954501E-4 0.4536843854554943 
3.565176202380601E-5 0.5549542317464662 1.606144519954501E-4 0.6974083753489335 
1.0734306845428348E-4 7.474228793845782E-5 0.0013077211952040536 0.8965999563918899 
3.565176202380601E-5 7.474228793845782E-5 1.8010523811786487 0.8965999563918899 
1.0734306845428348E-4 7.474228793845782E-5 1.606144519954501E-4 6.0304225576168005 
1.0734306845428348E-4 7.474228793845782E-5 1.606144519954501E-4 6.0304225576168005 
9.935802747237423 0.45475257080552706 1.606144519954501E-4 0.0031345507407927586 
9.935802747237423 0.45475257080552706 1.606144519954501E-4 0.0031345507407927586 
0.10790588106528648 6.797239835253105E-4 0.0013077211952040536 0.0031345507407927586 
4.7157867079825235E-6 0.028809796241910185 0.0013077211952040536 0.0031345507407927586 
1.0734306845428348E-4 0.00864775446776459 2.9008427860417507 0.0031345507407927586 
0.003925585541773602 6.797239835253105E-4 7.612450006794112 0.0031345507407927586 
1.0734306845428348E-4 6.797239835253105E-4 8.43236149034497 0.012752093918887486 
2.795665086292337 0.45475257080552706 1.606144519954501E-4 0.015479970657204517 
0.003925585541773602 4.2075603098249745 1.606144519954501E-4 0.015479970657204517 
1.0734306845428348E-4 7.474228793845782E-5 17.99004669101346 0.015479970657204517 
5.851506074747941 0.017666977441662016 1.606144519954501E-4 0.06516424304076042 
4.7157867079825235E-6 0.00864775446776459 0.20639788224614927 0.2710520045522549 
1.0734306845428348E-4 7.474228793845782E-5 5.939900125511858 0.2710520045522549 
1.0734306845428348E-4 7.474228793845782E-5 2.012888091992929 0.8965999563918899 
3.565176202380601E-5 0.5549542317464662 1.606144519954501E-4 2.910387749362953 
3.565176202380601E-5 7.474228793845782E-5 11.327112395965651 12.495188384875911 
4.7157867079825235E-6 7.474228793845782E-5 13.071426474693428 12.671426834573934 
1.7663585550713938 7.474228793845782E-5 1.606144519954501E-4 21.02819178629338 
1.7663585550713938 7.474228793845782E-5 1.606144519954501E-4 21.02819178629338 
