0.9260628901795691 1.0998437450213336 
0.9260628901795691 1.0998437450213336 
0.9260628901795691 1.0998437450213336 
0.9260628901795691 1.0998437450213336 
0.9260628901795691 1.0998437450213336 
0.9159103534702635 1.167519057935643 
0.9159103534702635 1.167519057935643 
0.9159103534702635 1.167519057935643 
0.8636845139469301 1.1792783832673435 
0.8636845139469301 1.1792783832673435 
0.8393641437033855 1.2134476852519724 
0.826502932766855 1.2938160902312859 
0.826502932766855 1.2938160902312859 
0.826502932766855 1.2938160902312859 
0.8230867840271774 1.2991859592314816 
0.8230867840271774 1.2991859592314816 
0.8230867840271774 1.2991859592314816 
0.7684888403988025 1.3253601402094795 
0.7417783367410964 1.4415934519402627 
0.7417783367410964 1.4415934519402627 
0.7410603647976077 1.442990131214417 
0.7387471326660937 1.4475085529982503 
0.7387471326660937 1.4475085529982503 
0.7343556437944275 1.456164737172567 
0.7343556437944275 1.456164737172567 
0.7343556437944275 1.456164737172567 
0.694733512399536 1.4660649861880155 
0.6793956152799862 1.4991625708985956 
0.677769133180474 1.502760198713812 
0.677769133180474 1.502760198713812 
0.677769133180474 1.502760198713812 
0.662580235953714 1.5372092646173172 
0.662580235953714 1.5372092646173172 
0.662580235953714 1.5372092646173172 
0.662580235953714 1.5372092646173172 
0.6259647415835842 1.6271275514395327 
0.5869865284533751 1.7351752176392232 
0.567869356664008 1.88307888159178 
0.5285286487658065 2.023244710639961 
0.5285286487658065 2.023244710639961 
0.5285286487658065 2.023244710639961 
0.5250305682271186 2.036724826609573 
0.5054107919719599 2.1157893935443126 
0.5054107919719599 2.1157893935443126 
0.5054107919719599 2.1157893935443126 
0.5054107919719599 2.1157893935443126 
0.46464600560057423 2.1920439753784002 
0.46464600560057423 2.1920439753784002 
0.46464600560057423 2.1920439753784002 
0.437075006925861 2.4465887458499576 
0.41486764087981076 2.455058859496465 
0.41089218855600307 2.6024899543481013 
0.39079275049444695 2.736342451808862 
0.39079275049444695 2.736342451808862 
0.39079275049444695 2.736342451808862 
0.39042581655751674 2.73891414882799 
0.37848668893198656 2.825311495245908 
0.35146182259007264 2.8979661852158913 
0.35146182259007264 2.8979661852158913 
0.34298411435858245 3.1177618678838552 
0.3225698721221449 3.1575313297538865 
0.3224909760027783 3.15830380708576 
0.3206197625643833 3.3352366818697594 
0.3206197625643833 3.3352366818697594 
0.3206197625643833 3.3352366818697594 
0.2878270144055901 3.5386688055108273 
0.2878270144055901 3.5386688055108273 
0.26699650475734504 4.005081617113141 
0.26699650475734504 4.005081617113141 
0.26699650475734504 4.005081617113141 
0.26699650475734504 4.005081617113141 
0.25719361311395617 4.1577346345817086 
0.25719361311395617 4.1577346345817086 
0.23391615760636997 4.571478960579436 
0.2309927177567072 4.629335519414027 
0.2309927177567072 4.629335519414027 
0.22386469230807277 4.7767371531975265 
0.22386469230807277 4.7767371531975265 
0.21644202387593886 4.94055070215955 
0.21644202387593886 4.94055070215955 
0.21297860667742094 5.020892988828398 
0.21297860667742094 5.020892988828398 
0.20967379243090245 5.100030769889868 
0.19901284365287025 5.373235080758474 
0.19901284365287025 5.373235080758474 
0.19477218358462617 5.49022336432598 
0.19477218358462617 5.49022336432598 
0.16701885967484262 6.098260275775272 
0.16701885967484262 6.098260275775272 
0.15962781174001817 6.38062043298083 
0.13238600160719183 7.693596489774537 
0.13238600160719183 7.693596489774537 
0.12485948242236905 8.564369900395542 
0.12485948242236905 8.564369900395542 
0.12480433011290924 8.56815458301551 
0.1167593149057044 8.723282404345591 
0.1167593149057044 8.723282404345591 
0.11368645663839813 9.406070209737967 
0.11368645663839813 9.406070209737967 
0.10795245296920179 9.434935930089113 
