0.9260628901795691 0.018524477260377092 
0.9260628901795691 0.018524477260377092 
0.9260628901795691 0.018524477260377092 
0.9260628901795691 0.018524477260377092 
0.9260628901795691 0.018524477260377092 
0.9159103534702635 0.06934279303710378 
0.9159103534702635 0.06934279303710378 
0.9159103534702635 0.06934279303710378 
0.8636845139469301 0.018524477260377092 
0.8636845139469301 0.018524477260377092 
0.8393641437033855 0.018524477260377092 
0.826502932766855 0.06934279303710378 
0.826502932766855 0.06934279303710378 
0.826502932766855 0.06934279303710378 
0.8230867840271774 0.06934279303710378 
0.8230867840271774 0.06934279303710378 
0.8230867840271774 0.06934279303710378 
0.7684888403988025 0.018524477260377092 
0.7417783367410964 0.06934279303710378 
0.7417783367410964 0.06934279303710378 
0.7410603647976077 0.06934279303710378 
0.7387471326660937 0.06934279303710378 
0.7387471326660937 0.06934279303710378 
0.7343556437944275 0.06934279303710378 
0.7343556437944275 0.06934279303710378 
0.7343556437944275 0.06934279303710378 
0.694733512399536 0.018524477260377092 
0.6793956152799862 0.018524477260377092 
0.677769133180474 0.018524477260377092 
0.677769133180474 0.018524477260377092 
0.677769133180474 0.018524477260377092 
0.662580235953714 0.018524477260377092 
0.662580235953714 0.018524477260377092 
0.662580235953714 0.018524477260377092 
0.662580235953714 0.018524477260377092 
0.6259647415835842 0.018524477260377092 
0.5869865284533751 0.018524477260377092 
0.567869356664008 0.06934279303710378 
0.5285286487658065 0.06934279303710378 
0.5285286487658065 0.06934279303710378 
0.5285286487658065 0.06934279303710378 
0.5250305682271186 0.06934279303710378 
0.5054107919719599 0.06934279303710378 
0.5054107919719599 0.06934279303710378 
0.5054107919719599 0.06934279303710378 
0.5054107919719599 0.06934279303710378 
0.46464600560057423 0.018524477260377092 
0.46464600560057423 0.018524477260377092 
0.46464600560057423 0.018524477260377092 
0.437075006925861 0.06934279303710378 
0.41486764087981076 0.018524477260377092 
0.41089218855600307 0.06934279303710378 
0.39079275049444695 0.06934279303710378 
0.39079275049444695 0.06934279303710378 
0.39079275049444695 0.06934279303710378 
0.39042581655751674 0.06934279303710378 
0.37848668893198656 0.06934279303710378 
0.35146182259007264 0.018524477260377092 
0.35146182259007264 0.018524477260377092 
0.34298411435858245 0.06934279303710378 
0.3225698721221449 0.018524477260377092 
0.3224909760027783 0.018524477260377092 
0.3206197625643833 0.06934279303710378 
0.3206197625643833 0.06934279303710378 
0.3206197625643833 0.06934279303710378 
0.2878270144055901 0.018524477260377092 
0.2878270144055901 0.018524477260377092 
0.26699650475734504 0.06934279303710378 
0.26699650475734504 0.06934279303710378 
0.26699650475734504 0.06934279303710378 
0.26699650475734504 0.06934279303710378 
0.25719361311395617 0.06934279303710378 
0.25719361311395617 0.06934279303710378 
0.23391615760636997 0.06934279303710378 
0.2309927177567072 0.06934279303710378 
0.2309927177567072 0.06934279303710378 
0.22386469230807277 0.06934279303710378 
0.22386469230807277 0.06934279303710378 
0.21644202387593886 0.06934279303710378 
0.21644202387593886 0.06934279303710378 
0.21297860667742094 0.06934279303710378 
0.21297860667742094 0.06934279303710378 
0.20967379243090245 0.06934279303710378 
0.19901284365287025 0.06934279303710378 
0.19901284365287025 0.06934279303710378 
0.19477218358462617 0.06934279303710378 
0.19477218358462617 0.06934279303710378 
0.16701885967484262 0.018524477260377092 
0.16701885967484262 0.018524477260377092 
0.15962781174001817 0.018524477260377092 
0.13238600160719183 0.018524477260377092 
0.13238600160719183 0.018524477260377092 
0.12485948242236905 0.06934279303710378 
0.12485948242236905 0.06934279303710378 
0.12480433011290924 0.06934279303710378 
0.1167593149057044 0.018524477260377092 
0.1167593149057044 0.018524477260377092 
0.11368645663839813 0.06934279303710378 
0.11368645663839813 0.06934279303710378 
0.10795245296920179 0.018524477260377092 
