-0.0860833445615885 -0.008645362221356478 0.01267337571428584 -0.05598705869031484 
0.010360650001533855 0.026071516709338383 0.01267337571428584 -0.05598705869031484 
-0.00597090964793523 -0.04581943040838343 0.01267337571428584 -0.05598705869031484 
-0.0021715862193296687 -0.9502417844559368 0.01267337571428584 -0.05598705869031484 
-0.0021715862193296687 -0.008645362221356478 -0.03616242794951763 -0.05598705869031484 
-0.0021715862193296687 -0.008645362221356478 -0.03616242794951763 -0.05598705869031484 
-0.00597090964793523 -0.008645362221356478 0.01267337571428584 0.12441853020030624 
-0.0021715862193296687 0.6743534464993317 0.01267337571428584 0.12441853020030624 
-0.0021715862193296687 -0.008645362221356478 0.01267337571428584 0.5206265499878535 
1.5546525578415027 -0.008645362221356478 0.01267337571428584 -0.05598705869031484 
1.0166550246454094 0.13291718264265917 0.01267337571428584 -0.05598705869031484 
1.0166550246454094 0.13291718264265917 0.01267337571428584 -0.05598705869031484 
-0.00597090964793523 2.9355728974051605 0.01267337571428584 -0.05598705869031484 
-0.00597090964793523 2.9355728974051605 0.01267337571428584 -0.05598705869031484 
-0.0021715862193296687 0.026071516709338383 -0.03616242794951763 -0.05598705869031484 
-0.0021715862193296687 0.026071516709338383 -0.03616242794951763 -0.05598705869031484 
-0.0021715862193296687 0.026071516709338383 -0.03616242794951763 -0.05598705869031484 
-0.0021715862193296687 -0.008645362221356478 0.07688277883277195 -0.05598705869031484 
0.010360650001533855 -0.008645362221356478 0.01267337571428584 0.12441853020030624 
0.010360650001533855 -0.008645362221356478 0.01267337571428584 0.12441853020030624 
0.010360650001533855 -0.008645362221356478 0.01267337571428584 0.12441853020030624 
-0.00597090964793523 2.0512338505945573 0.01267337571428584 0.12441853020030624 
-0.00597090964793523 -0.008645362221356478 0.01267337571428584 0.5206265499878535 
-0.00597090964793523 -0.008645362221356478 0.01267337571428584 0.5206265499878535 
-0.0021715862193296687 -1.1375267315215734 0.01267337571428584 -0.8225471439706151 
-0.0021715862193296687 0.6743534464993317 0.01267337571428584 -0.9468896220742362 
-0.0021715862193296687 0.6743534464993317 0.01267337571428584 -0.9468896220742362 
-0.0021715862193296687 0.6743534464993317 0.01267337571428584 -0.9468896220742362 
-0.0021715862193296687 0.13291718264265917 0.01267337571428584 -1.8818693202136716 
-0.0021715862193296687 -0.11304970693054806 0.01267337571428584 4.932797140627473 
-4.1655296247069105 -0.008645362221356478 0.01267337571428584 -0.05598705869031484 
2.348458011992955 -0.04581943040838343 0.01267337571428584 -0.05598705869031484 
-1.9912154275317953 -0.8615888042107507 0.01267337571428584 -0.05598705869031484 
1.0166550246454094 -3.4997149565667094 0.01267337571428584 -0.05598705869031484 
0.06265449338853202 0.026071516709338383 -0.03616242794951763 -0.05598705869031484 
-0.0021715862193296687 -0.04581943040838343 -0.03616242794951763 -0.05598705869031484 
-0.0021715862193296687 -0.04581943040838343 -0.03616242794951763 -0.05598705869031484 
-0.0021715862193296687 -0.04581943040838343 -0.03616242794951763 -0.05598705869031484 
-0.0860833445615885 -0.008645362221356478 0.07688277883277195 -0.05598705869031484 
-0.0860833445615885 -0.008645362221356478 0.07688277883277195 -0.05598705869031484 
-0.0860833445615885 -0.008645362221356478 0.07688277883277195 -0.05598705869031484 
-0.0021715862193296687 -0.008645362221356478 1.1885010067099158 -0.05598705869031484 
0.06265449338853202 -0.008645362221356478 0.01267337571428584 0.12441853020030624 
0.010360650001533855 0.026071516709338383 0.01267337571428584 0.12441853020030624 
0.010360650001533855 -0.008645362221356478 -0.45431033693517175 0.5206265499878535 
0.010360650001533855 -0.008645362221356478 -0.45431033693517175 0.5206265499878535 
-0.00597090964793523 0.09299330334902933 0.01267337571428584 -0.60709144425104 
0.010360650001533855 -0.008645362221356478 0.01267337571428584 -0.9468896220742362 
0.010360650001533855 -0.008645362221356478 0.01267337571428584 -0.9468896220742362 
0.010360650001533855 -0.008645362221356478 0.01267337571428584 -0.9468896220742362 
-2.405448856548457 0.13291718264265917 0.01267337571428584 -0.05598705869031484 
-2.405448856548457 0.13291718264265917 0.01267337571428584 -0.05598705869031484 
-0.0860833445615885 0.026071516709338383 -0.03616242794951763 -0.05598705869031484 
-0.0860833445615885 0.026071516709338383 -0.03616242794951763 -0.05598705869031484 
-0.0021715862193296687 -0.11304970693054806 -0.03616242794951763 -0.05598705869031484 
-0.0021715862193296687 -0.11304970693054806 -0.03616242794951763 -0.05598705869031484 
0.010360650001533855 -0.04581943040838343 0.1344802870663706 -0.05598705869031484 
0.010360650001533855 -0.04581943040838343 0.1344802870663706 -0.05598705869031484 
0.010360650001533855 -0.04581943040838343 0.1344802870663706 -0.05598705869031484 
-0.0021715862193296687 0.09299330334902933 -0.45466866362235425 -0.05598705869031484 
0.010360650001533855 -0.008645362221356478 1.4187628737716986 -0.05598705869031484 
-0.0021715862193296687 -0.04581943040838343 -2.1141681158976136 -0.05598705869031484 
-0.0021715862193296687 0.026071516709338383 -2.7590668724759304 -0.05598705869031484 
0.010360650001533855 0.6743534464993317 0.01267337571428584 0.12441853020030624 
0.010360650001533855 0.6743534464993317 0.01267337571428584 0.12441853020030624 
0.010360650001533855 0.6743534464993317 0.01267337571428584 0.12441853020030624 
0.010360650001533855 0.6743534464993317 0.01267337571428584 0.12441853020030624 
-0.0021715862193296687 -0.04581943040838343 -0.03616242794951763 0.12441853020030624 
-0.0860833445615885 -0.008645362221356478 -0.12413190446010702 -0.21425765576842704 
0.010360650001533855 0.026071516709338383 0.01267337571428584 -0.28395271496836294 
1.5546525578415027 -0.008645362221356478 0.01267337571428584 0.4855131074187842 
-0.0860833445615885 -0.008645362221356478 0.07688277883277195 0.5206265499878535 
-0.0860833445615885 -0.008645362221356478 0.07688277883277195 0.5206265499878535 
-0.0021715862193296687 -0.008645362221356478 2.4371910318052334 0.5206265499878535 
-0.0021715862193296687 -0.008645362221356478 2.4371910318052334 0.5206265499878535 
0.06265449338853202 -0.008645362221356478 0.01267337571428584 -0.6735609738215942 
-0.00597090964793523 0.74495250301376 0.01267337571428584 0.8351097983791913 
0.010360650001533855 -0.008645362221356478 -0.03616242794951763 -0.9468896220742362 
-0.00597090964793523 -0.008645362221356478 -1.3420329285001351 -0.9468896220742362 
0.010360650001533855 -0.008645362221356478 0.01267337571428584 -2.4556918694365546 
0.010360650001533855 -0.008645362221356478 0.01267337571428584 -2.4556918694365546 
3.1521108399352684 0.6743534464993317 0.01267337571428584 -0.05598705869031484 
3.1521108399352684 0.6743534464993317 0.01267337571428584 -0.05598705869031484 
0.328490305892406 0.026071516709338383 -0.03616242794951763 -0.05598705869031484 
-0.0021715862193296687 -0.16973448748533748 -0.03616242794951763 -0.05598705869031484 
0.010360650001533855 0.09299330334902933 1.7031860691192113 -0.05598705869031484 
0.06265449338853202 0.026071516709338383 -2.7590668724759304 -0.05598705869031484 
0.010360650001533855 0.026071516709338383 -2.9038528699548416 -0.11292516955438892 
-1.6720242481173342 0.6743534464993317 0.01267337571428584 0.12441853020030624 
0.06265449338853202 2.0512338505945573 0.01267337571428584 0.12441853020030624 
0.010360650001533855 -0.008645362221356478 4.241467516203969 0.12441853020030624 
2.4189886470895106 0.13291718264265917 0.01267337571428584 -0.25527287956373357 
-0.0021715862193296687 0.09299330334902933 -0.45431033693517175 0.5206265499878535 
0.010360650001533855 -0.008645362221356478 2.4371910318052334 0.5206265499878535 
0.010360650001533855 -0.008645362221356478 1.4187628737716986 -0.9468896220742362 
-0.00597090964793523 0.74495250301376 0.01267337571428584 -1.7059858584885612 
-0.00597090964793523 -0.008645362221356478 3.3655775724183883 3.534853375300864 
-0.0021715862193296687 -0.008645362221356478 -3.6154427771288855 3.559694767051514 
1.3290442261532887 -0.008645362221356478 0.01267337571428584 -4.585650639363337 
1.3290442261532887 -0.008645362221356478 0.01267337571428584 -4.585650639363337 
