0.997314938883361 1.07077205862516 
0.997314938883361 1.07077205862516 
0.9802041805479129 1.0894637988677325 
0.9671715069890582 1.1041443658015488 
0.9671715069890582 1.1041443658015488 
0.9216021897150432 1.1587396190279806 
0.9216021897150432 1.1587396190279806 
0.9029537683822791 1.182670705410525 
0.8975136899126653 1.1965100126974382 
0.8791056142129282 1.2147538963925972 
0.8627591166136775 1.2447090918361015 
0.8627591166136775 1.2447090918361015 
0.8450122722559579 1.290103298126513 
0.8254098282688227 1.2937778708614613 
0.8213411747624539 1.3001868200685496 
0.8019969028675817 1.3315474989834009 
0.7988282532086219 1.3368292444795014 
0.7813397605312983 1.3667510910741434 
0.7813397605312983 1.3667510910741434 
0.7473426655966987 1.4289254706917127 
0.7338016404428046 1.455293789696833 
0.7156701922311612 1.5232618756918566 
0.7059151931402081 1.5443117388440528 
0.6934629059971825 1.5720424408673697 
0.6934629059971825 1.5720424408673697 
0.6591940865627401 1.6537665334335985 
0.6532573340247984 1.6687958368231757 
0.6356083610912847 1.680117876945915 
0.6243555709577574 1.7103987213049368 
0.6185687407983075 1.7360788634867048 
0.5984937824579244 1.794311232613389 
0.5984937824579244 1.794311232613389 
0.5849321411557996 1.825676681222621 
0.5785682447504839 1.8457580067608244 
0.5635822307448426 1.934328408392188 
0.5635822307448426 1.934328408392188 
0.539801875179881 1.9783128205138247 
0.539801875179881 1.9783128205138247 
0.5228760559692197 2.0423520220796383 
0.4992690390492569 2.1834983428388353 
0.48365830854439473 2.207957459512432 
0.4652690031765129 2.295224833193165 
0.4652690031765129 2.295224833193165 
0.4533897448863563 2.3553619865694886 
0.4533897448863563 2.3553619865694886 
0.4403082015532829 2.425339719856508 
0.4403082015532829 2.425339719856508 
0.42332100729706656 2.522664719675399 
0.42332100729706656 2.522664719675399 
0.4083586892516893 2.615095498917057 
0.4083586892516893 2.615095498917057 
0.3996309948566886 2.6722075713589724 
0.3961081834224829 2.752160053790279 
0.3798933375577388 2.8110442185458324 
0.3700564603110795 2.945910249691028 
0.3613976675787166 2.9549083074067197 
0.35299918480657777 3.0882595946846965 
0.344008701390611 3.10427313579257 
0.34147895688264246 3.1272702129424936 
0.3364166964113725 3.192124909283264 
0.3309237520275526 3.227018198792963 
0.32778654741383145 3.3258018914927243 
0.3170885782719074 3.3678190997154966 
0.3170885782719074 3.3678190997154966 
0.3003305525246036 3.6298442174160184 
0.3003305525246036 3.6298442174160184 
0.2701339976740117 3.9532120332904666 
0.2701339976740117 3.9532120332904666 
0.2678549304442456 3.9868482855052254 
0.26384208466951786 4.047485341632983 
0.26384208466951786 4.047485341632983 
0.24813578309001627 4.393373280625613 
0.23221580904264985 4.598726394246599 
0.23221580904264985 4.598726394246599 
0.22545371378144619 4.736657260128243 
0.22023018188883947 4.876189572669778 
0.22023018188883947 4.876189572669778 
0.2129722516890763 5.01425402481452 
0.2129722516890763 5.01425402481452 
0.20771342862294856 5.248351667111946 
0.2033970106548857 5.359730292420619 
0.1965560890539401 5.4330393698091095 
0.1939809551302218 5.619897678423931 
0.18821525750620283 5.6738065997150535 
0.18821525750620283 5.6738065997150535 
0.16551574698329996 6.451935780548479 
0.16551574698329996 6.451935780548479 
0.16422897610374343 6.502488145156379 
0.16183128686776244 6.5988288845430425 
0.16014105379828145 6.668477226026734 
0.14424888494554117 7.403155806777495 
0.1433370193254328 7.450252385820898 
0.12399661095311504 8.612307723551812 
0.12399661095311504 8.612307723551812 
0.11384259035356989 9.380469707243224 
0.11384259035356989 9.380469707243224 
0.11245174888901305 9.694407869732137 
0.11245174888901305 9.694407869732137 
0.10191166061034217 10.478653412280773 
0.10191166061034217 10.478653412280773 
