0.997314938883361 0.06789697020576191 
0.997314938883361 0.06789697020576191 
0.9802041805479129 0.06789697020576191 
0.9671715069890582 0.06789697020576191 
0.9671715069890582 0.06789697020576191 
0.9216021897150432 0.06789697020576191 
0.9216021897150432 0.06789697020576191 
0.9029537683822791 0.06789697020576191 
0.8975136899126653 0.07388411651352789 
0.8791056142129282 0.06789697020576191 
0.8627591166136775 0.07388411651352789 
0.8627591166136775 0.07388411651352789 
0.8450122722559579 0.0901531193947902 
0.8254098282688227 0.06789697020576191 
0.8213411747624539 0.06789697020576191 
0.8019969028675817 0.06789697020576191 
0.7988282532086219 0.06789697020576191 
0.7813397605312983 0.06789697020576191 
0.7813397605312983 0.06789697020576191 
0.7473426655966987 0.06789697020576191 
0.7338016404428046 0.06789697020576191 
0.7156701922311612 0.0901531193947902 
0.7059151931402081 0.0901531193947902 
0.6934629059971825 0.0901531193947902 
0.6934629059971825 0.0901531193947902 
0.6591940865627401 0.0901531193947902 
0.6532573340247984 0.0901531193947902 
0.6356083610912847 0.06789697020576191 
0.6243555709577574 0.06789697020576191 
0.6185687407983075 0.07388411651352789 
0.5984937824579244 0.07388411651352789 
0.5984937824579244 0.07388411651352789 
0.5849321411557996 0.06789697020576191 
0.5785682447504839 0.06789697020576191 
0.5635822307448426 0.0901531193947902 
0.5635822307448426 0.0901531193947902 
0.539801875179881 0.06789697020576191 
0.539801875179881 0.06789697020576191 
0.5228760559692197 0.06789697020576191 
0.4992690390492569 0.0901531193947902 
0.48365830854439473 0.06789697020576191 
0.4652690031765129 0.06789697020576191 
0.4652690031765129 0.06789697020576191 
0.4533897448863563 0.06789697020576191 
0.4533897448863563 0.06789697020576191 
0.4403082015532829 0.06789697020576191 
0.4403082015532829 0.06789697020576191 
0.42332100729706656 0.06789697020576191 
0.42332100729706656 0.06789697020576191 
0.4083586892516893 0.06789697020576191 
0.4083586892516893 0.06789697020576191 
0.3996309948566886 0.06789697020576191 
0.3961081834224829 0.0901531193947902 
0.3798933375577388 0.06789697020576191 
0.3700564603110795 0.0901531193947902 
0.3613976675787166 0.06789697020576191 
0.35299918480657777 0.0901531193947902 
0.344008701390611 0.06789697020576191 
0.34147895688264246 0.06789697020576191 
0.3364166964113725 0.07388411651352789 
0.3309237520275526 0.06789697020576191 
0.32778654741383145 0.0901531193947902 
0.3170885782719074 0.06789697020576191 
0.3170885782719074 0.06789697020576191 
0.3003305525246036 0.0901531193947902 
0.3003305525246036 0.0901531193947902 
0.2701339976740117 0.06789697020576191 
0.2701339976740117 0.06789697020576191 
0.2678549304442456 0.06789697020576191 
0.26384208466951786 0.06789697020576191 
0.26384208466951786 0.06789697020576191 
0.24813578309001627 0.0901531193947902 
0.23221580904264985 0.06789697020576191 
0.23221580904264985 0.06789697020576191 
0.22545371378144619 0.06789697020576191 
0.22023018188883947 0.07388411651352789 
0.22023018188883947 0.07388411651352789 
0.2129722516890763 0.06789697020576191 
0.2129722516890763 0.06789697020576191 
0.20771342862294856 0.0901531193947902 
0.2033970106548857 0.0901531193947902 
0.1965560890539401 0.06789697020576191 
0.1939809551302218 0.0901531193947902 
0.18821525750620283 0.06789697020576191 
0.18821525750620283 0.06789697020576191 
0.16551574698329996 0.06789697020576191 
0.16551574698329996 0.06789697020576191 
0.16422897610374343 0.06789697020576191 
0.16183128686776244 0.06789697020576191 
0.16014105379828145 0.06789697020576191 
0.14424888494554117 0.06789697020576191 
0.1433370193254328 0.06789697020576191 
0.12399661095311504 0.06789697020576191 
0.12399661095311504 0.06789697020576191 
0.11384259035356989 0.06789697020576191 
0.11384259035356989 0.06789697020576191 
0.11245174888901305 0.0901531193947902 
0.11245174888901305 0.0901531193947902 
0.10191166061034217 0.06789697020576191 
0.10191166061034217 0.06789697020576191 
